stock_id,stock_name,reason,start_date,end_date
2461,光群雷,除息,110.05.24,110.05.27
6456,GIS-KY,除息,110.05.24,110.05.27
8210,勤誠,除息,110.05.25,110.05.28
